00011001101100001101110111001000 10001101110100000010111010110101 0000000 000 10100111100000010000110001111101 
00100111000100010010110111101010 10001100110000100011110011110111 0000000 000 10110011110100110110101011100001 
11010001011100011010111001001101 10011000000000000011111100100011 0000000 000 01101001011100011110110101110000 
11001100001101110000011111110110 01001001100011110010010011110101 0000000 000 00010101110001100010110011101011 
01100011001010110100100001001010 00100101100010011110101110011011 0000000 000 10001000101101010011001111100101 
11011101000000011110010011110100 11110011001111011101100111000110 0000000 000 11010000001111111011111010111010 
10001101110011000001100010011101 11100100101001000001101001100100 0000000 000 01110010011100000011001100000001 
11000000010101010001110011101101 00000000100101011011110000110101 0000000 000 11000000111010101101100100100010 
00011001111110101111011101100011 00110111011101001110010011100101 0000000 000 01010001011011111101110001001000 
10111111010000011010100000111010 10011110010110101010001011101101 0000000 000 01011101100111000100101100100111 
01111100000010101100100100111001 10000101011111111001011011111100 0000000 000 00000001100010100110000000110101 
00111100110101001101110000110101 00010111011000010011111101010011 0000000 000 01010100001101100001101110001000 
10100111111011101011010011110011 00100011010111011001101000011010 0000000 000 11001011010011000100111100001101 
10010100000111111011110101101101 11010010110100100011001000100000 0000000 000 01100110111100011110111110001101 
00000001001000011101011010110110 00100100001010111110000110100100 0000000 000 00100101010011011011100001011010 
01011010100110101011110001000110 01110001111101010100100100111010 0000000 000 11001100100100000000010110000000 
10011000011001111100011010110000 01011110001010010111110000011110 0000000 000 11110110100100010100001011001110 
00100101010010010111111001011000 11100010110010100111111110000010 0000000 000 00001000000100111111110111011010 
11101110101100000001000101110001 00110010011111001100001001101010 0000000 000 00100001001011001101001111011011 
11011001000101110100001001011001 00001110010100010000000101001100 0000000 000 11100111011010000100001110100101 
11111011110110100010101011000100 01111001100001111100010000001000 0000000 000 01110101011000011110111011001100 
01110110111010011010110111000111 00101001111000001100001111111101 0000000 000 10100000110010100111000111000100 
00011011111011010110101100001011 00011000000100101101010110011011 0000000 000 00110100000000000100000010100110 
11110101001110001111010010000100 00001110000101010010001100010001 0000000 000 00000011010011100001011110010101 
01111101010001111111111000001011 01001001110101110100101111000011 0000000 000 11000111000111110100100111001110 
00000100000010101101001110001111 01101111010110001101001111001101 0000000 000 01110011011000111010011101011100 
10100101101111110100110101101111 00000010110001110011100110101000 0000000 000 10101000100001101000011100010111 
10000111001010011110101001100110 01100001100000011010100010101111 0000000 000 11101000101010111001001100010101 
11111011100100100111001010000011 11100010110101011111011010111010 0000000 000 11011110011010000110100100111101 
00111000010001001000001011111111 01111011100001101011101011011100 0000000 000 10110011110010110011110111011011 
00100101100100110110011111101011 00010101110010000000011001011001 0100000 000 00001111110010110110000110010010 
01001000110010010111010011100011 10101000011101111101011001000101 0100000 000 10100000010100011001111010011110 
10100101010001110001001011001100 00000101000111001101010010111001 0100000 000 10100000001010100011111000010011 
10011111010001011001011101001101 01010010100000100011101011001100 0100000 000 01001100110000110101110010000001 
11111001000010111010001010001110 01110001010110101111011111001011 0100000 000 10000111101100001010101011000011 
10000001001110101001010101011010 10100110000111001111101101111011 0100000 000 11011011000111011001100111011111 
10101111011111011100111110110011 10011111011101010011101011011101 0100000 000 00010000000010001001010011010110 
11100000100000110110011101001000 10000100010010010010110110100011 0100000 000 01011100001110100011100110100101 
10010000101110011010101101100011 00111101010111100111010001100010 0100000 000 01010011010110110011011100000001 
11101110011001101111000111101001 01010100111001001101101111101000 0100000 000 10011001100000100001011000000001 
01100101010100110110101100101010 11100100111010111000000111011110 0100000 000 10000000011001111110100101001100 
01001100001010111010011010000011 01111011010000011101011110110110 0100000 000 11010000111010011100111011001101 
10010100011001000010100010011010 00010001100110110000010011011111 0100000 000 10000010110010010010001110111011 
11111111011010011110111011001011 11101111110001100011010110100010 0100000 000 00001111101000111011100100101001 
00001101110001100101011100000000 01100100110111100110101011011010 0100000 000 10101000111001111110110000100110 
11100011011001001011000010010111 00110000011000100111000011001111 0100000 000 10110011000000100011111111001000 
11010111000111110001001110101010 00000101001111010100001000110000 0100000 000 11010001111000011101000101111010 
00111011010111101111110100011111 01111110001011100110110000101111 0100000 000 10111101001100001001000011110000 
01000010011110110100010000011000 00000100001101110101111100101110 0100000 000 00111110010000111110010011101010 
11101100111111001100110000000010 10101000100011110011001111011110 0100000 000 01000100011011011001100000100100 
10100001110111100100011011011010 01010001011010111001101110101011 0100000 000 01010000011100101010101100101111 
10010101001011010001001111011011 00100000101110101100001111110101 0100000 000 01110100011100100100111111100110 
10010101000010100101010101111010 11101011111111110111001111011101 0100000 000 10101001000010101110000110011101 
11011001000000010110101100001010 11101011010101110110101110100010 0100000 000 11101101101010011111111101101000 
01010111010000010001010100111111 11110100010010101001110110011000 0100000 000 01100010111101100111011110100111 
01100110001010001111001000100011 01101011001010100101100100000111 0100000 000 11111010111111101001100100011100 
10110001100011101110010001111111 00011001101010011110001001101100 0100000 000 10010111111001010000001000010011 
10100100011001110110101001000101 10001010100010000111010011111000 0100000 000 00011001110111101111010101001101 
00100000010000110110111111001101 10110111110111110010011000111111 0100000 000 01101000011001000100100110001110 
00110111100100111010110101000110 10101011110110000010010011001111 0100000 000 10001011101110111000100001110111 
11010100001011001001110111010000 00000101111001001100100000110000 0000000 001 10011101110100000000000000000000 
00101101011101111011010000111011 10011000000001010000010101000000 0000000 001 00101101011101111011010000111011 
01001101001100111000001101101101 11111100101101011100001101100011 0000000 001 01101001100111000001101101101000 
11010010000000110001111100010111 00011110110110000000100110010010 0000000 001 01111100010111000000000000000000 
11110111111100100110100101100110 10010110111000010111100110000111 0000000 001 11111001001101001011001100000000 
11010100100011010100100000111001 00001011110001000100000001000010 0000000 001 01010010001101010010000011100100 
01001101000101100111101011010100 01001010110100001000010000101100 0000000 001 01100111101011010100000000000000 
00011111010001101110110010000000 11001000000100000110010011111101 0000000 001 00000000000000000000000000000000 
00100001011011100100000001100011 10001010111110110101100111001011 0000000 001 01110010000000110001100000000000 
00001011001011001010110001001100 10000101001010110111001100011101 0000000 001 10000000000000000000000000000000 
00001010101011001100011111100000 10111110011101001011010111101110 0000000 001 00110001111110000000000000000000 
00001110011010110010001001111100 00011100001001101000101011101100 0000000 001 10110010001001111100000000000000 
10000101110110001011111010000001 11001011101110010110101010111010 0000000 001 00000100000000000000000000000000 
11100111101011100111010101100010 01111010111000010111001010000101 0000000 001 11110101110011101010110001000000 
11110011000010010100000111101010 01010101110100101011010000011110 0000000 001 10000000000000000000000000000000 
01001010101000110010110111000010 00110000101100011111000111100011 0000000 001 01010101000110010110111000010000 
11110001000100000011101110111100 01011111000101110001111010011000 0000000 001 10111100000000000000000000000000 
01000001010010001110101101000001 01100000011010000001010101011011 0000000 001 00001000000000000000000000000000 
01011111110001111010001110001101 11110100101111001001111001001000 0000000 001 11000111101000111000110100000000 
00000111101110101110110010101000 10000111111001111100100000110110 0000000 001 00101010000000000000000000000000 
10110110001101110110101101001011 11110011110111010101001001010110 0000000 001 11010010110000000000000000000000 
01000100111110110100101001000011 01110110011100111110010011001000 0000000 001 11111011010010100100001100000000 
01001010011010100101110100111101 01110101010010111001110000010000 0000000 001 01011101001111010000000000000000 
10100001011111110101110010100111 00001010010011010110111001000110 0000000 001 01011111110101110010100111000000 
11011001100101110000110111100010 00110010001111010010110110111110 0000000 001 10000000000000000000000000000000 
01101111100100110110010000101001 10001001001010011101000000011010 0000000 001 10100100000000000000000000000000 
11010011101100111001110101111010 01000011101010100011011111010000 0000000 001 10011101011110100000000000000000 
00100110001110000100000011011111 10001100000100010101001100011101 0000000 001 11100000000000000000000000000000 
01111010110111010111100100110111 01100110101010110110101100000100 0000000 001 10101101110101111001001101110000 
00001011101010111100110001001001 11101011100010110010001111010110 0000000 001 00010010010000000000000000000000 
00011110100100100101110110110111 11111011111010000100011011111000 0000000 010 00000000000000000000000000000000 
11001000011001110000011111100110 00110101000000111110111101110101 0000000 010 00000000000000000000000000000001 
00001010111101001011101000101101 01111111111110101101101100010011 0000000 010 00000000000000000000000000000001 
11110000011111011001001000010011 11111000001110110100100001110001 0000000 010 00000000000000000000000000000001 
10001010110011111110000011011000 10110001010011100001110001001001 0000000 010 00000000000000000000000000000001 
11101010000000010001010101010010 01111110000011110001011011010100 0000000 010 00000000000000000000000000000001 
00011110100000110111011110011011 10111111110000110000010110110011 0000000 010 00000000000000000000000000000000 
10010001111000000101100000100011 10111100111001101100101110001110 0000000 010 00000000000000000000000000000001 
11111011101010101100111011110101 11001011111011001111010010101111 0000000 010 00000000000000000000000000000000 
10111010000101101101100001100001 00011001011100010000000001101001 0000000 010 00000000000000000000000000000001 
11101100100100010010001100101110 10000011000010101000110000100110 0000000 010 00000000000000000000000000000000 
10111101111011000011100111001111 10010000001100011101001011111011 0000000 010 00000000000000000000000000000000 
01110110111001001000011101000111 01011001110110000001010011111100 0000000 010 00000000000000000000000000000000 
10000010111010001010101111010110 10010011011001000001010111101101 0000000 010 00000000000000000000000000000001 
01100011111100110110000011000110 10011100011000100101000101101101 0000000 010 00000000000000000000000000000000 
11010001110110001010000111011100 00011111111001111100100000000011 0000000 010 00000000000000000000000000000001 
01100001010110100001001010101010 01011101110001111010110000110000 0000000 010 00000000000000000000000000000000 
11110111110100001100110011001100 10000111111101101101011100100011 0000000 010 00000000000000000000000000000000 
01101100010011101100100001000000 10010001100111001111010000001101 0000000 010 00000000000000000000000000000000 
00110011011001000110000100011011 10000111100010100010110110101000 0000000 010 00000000000000000000000000000000 
11110000100000001110011011101000 01001101110001101000001111110000 0000000 010 00000000000000000000000000000001 
00111100011000000100011111111111 10001001100101010010101001000101 0000000 010 00000000000000000000000000000000 
00000101010011001110110100110010 10010111011101001100001000111101 0000000 010 00000000000000000000000000000000 
00101001110101001101110010011101 11100011110001011111111001110111 0000000 010 00000000000000000000000000000000 
11100100110000110001010010111111 00011110001101000100100011001100 0000000 010 00000000000000000000000000000001 
10100000001100001000101101111011 11101000001101001100010011100100 0000000 010 00000000000000000000000000000001 
11010101011001001100011000011101 00010000101010100110100011000101 0000000 010 00000000000000000000000000000001 
00011001101101110000100111011010 00011011100010010100011011001100 0000000 010 00000000000000000000000000000001 
10001000101101110101011100011000 10010101110001001101111000011001 0000000 010 00000000000000000000000000000001 
01111011000101110111100101110011 10000111001011001010001010000101 0000000 010 00000000000000000000000000000000 
11001100010010101101001011101100 01101011010001010011010100101010 0000000 011 00000000000000000000000000000000 
00000111000111000100010010001010 00101010111111011100100011101010 0000000 011 00000000000000000000000000000001 
00000001011100101011011110100010 11010011010110011010110100011100 0000000 011 00000000000000000000000000000001 
01101111100010000011000110110001 01001110011111010011001001101101 0000000 011 00000000000000000000000000000000 
01110101011001111011010001001011 01101001100100100010010101111000 0000000 011 00000000000000000000000000000000 
01100111101100011100000010100001 10111111111010101000110011101110 0000000 011 00000000000000000000000000000001 
11110101100000010110100111000011 10000000000110101010000000110111 0000000 011 00000000000000000000000000000000 
11111111111110100111010100011001 00101110000011011111110010011011 0000000 011 00000000000000000000000000000000 
11100011111001011011010011011111 11100111011000010110001010111111 0000000 011 00000000000000000000000000000001 
00100101000110100100110000001110 11010101010000100000000011011001 0000000 011 00000000000000000000000000000001 
10101100110111110001000000001010 01110010101111011001010010110101 0000000 011 00000000000000000000000000000000 
01000101001010010100111100000010 00010001010110110001101100011010 0000000 011 00000000000000000000000000000000 
10100111111000101100001100010011 10010000010111111100100001000000 0000000 011 00000000000000000000000000000000 
11100011000111001100011100010110 01011111001010110011010000100001 0000000 011 00000000000000000000000000000000 
00010110011111110010100001111011 10001011001101000001111111011011 0000000 011 00000000000000000000000000000001 
11000110010110001011010001011011 10110110001111111111001101001011 0000000 011 00000000000000000000000000000000 
00101111101010101000000000100100 10001001101101101001100011100110 0000000 011 00000000000000000000000000000001 
00001011101000110011000010011000 00010100100001100100101001100001 0000000 011 00000000000000000000000000000001 
01010110101011100110110010011010 01110100101010111000110011100001 0000000 011 00000000000000000000000000000001 
00010010010110101011011100011010 11001111101010110000111100011001 0000000 011 00000000000000000000000000000001 
01001110010111101011000110001000 11011100011011010101001001111111 0000000 011 00000000000000000000000000000001 
10001000011011110110011100000001 10010111000000011010101000011001 0000000 011 00000000000000000000000000000001 
11100011011100010010100010100000 00000100110111101000011000010101 0000000 011 00000000000000000000000000000000 
10110110100010111001000001000111 01101000100101011010111100001100 0000000 011 00000000000000000000000000000000 
00000111011010010111001100100001 01110101101001110010001110010110 0000000 011 00000000000000000000000000000001 
00000111110110110100111010000011 11101000111000001000101000110111 0000000 011 00000000000000000000000000000001 
11111111101011010011111110011101 10111010011000000100111101101001 0000000 011 00000000000000000000000000000000 
01000111001101001111000100111101 01010001000100001111111100010000 0000000 011 00000000000000000000000000000001 
11100000101001000101011110011111 01111000010110010010100011100100 0000000 011 00000000000000000000000000000000 
00100011000011100110000010001001 10011101110000001011101001010101 0000000 011 00000000000000000000000000000001 
11100110111000100011110011110011 11100101110001001010111111001001 0000000 100 00000011001001101001001100111010 
00011100111101011101100110001100 10010101101010011001000111101010 0000000 100 10001001010111000100100001100110 
00110101010101011110110011010101 00101011110111011111001101010000 0000000 100 00011110100010000001111110000101 
10110100110011001011000110100100 01111011000010011111000011100011 0000000 100 11001111110001010100000101000111 
11011000001111101100001111011011 00001111110000100000100000111101 0000000 100 11010111111111001100101111100110 
11110111111101100110100010000001 10011100110101110001011010000000 0000000 100 01101011001000010111111000000001 
01100110010100001011110011111101 10011111010010011001010000000100 0000000 100 11111001000110010010100011111001 
01000011001010000010110011111001 11010010010101001110010110011000 0000000 100 10010001011111001100100101100001 
01111000110101100101111101010111 00100110100111001100000111001000 0000000 100 01011110010010101001111010011111 
01100001011101011000110110001000 11100101110000100010101101100011 0000000 100 10000100101101111010011011101011 
10000100000011001101001001100000 01001000111111100010001101110111 0000000 100 11001100111100101111000100010111 
00010011110010010001100011110110 11001010001110011001101001010010 0000000 100 11011001111100001000001010100100 
00001111100000011011010000000101 11001101000100100101110010000000 0000000 100 11000010100100111110100010000101 
10110010010010010101011011111100 10011101001101111101100010010001 0000000 100 00101111011111101000111001101101 
00101010010000111110100010010100 01100110011011111100000000000011 0000000 100 01001100001011000010100010010111 
10000011111111010000101110100100 01001010011111010010010111100011 0000000 100 11001001100000000010111001000111 
01100111011111011101001100100010 10100010111100010101000111010101 0000000 100 11000101100011001000001011110111 
00111101110011001000100011101000 10000101111110110111010100001110 0000000 100 10111000001101111111110111100110 
11110110110100000001101110100101 10110010110000101011111000111011 0000000 100 01000100000100101010010110011110 
10001010000100111011000100111011 01000010011001111010001001111101 0000000 100 11001000011101000001001101000110 
01111100010011110111000101011001 10010010110110010111111100110011 0000000 100 11101110100101100000111001101010 
11110000001101100111011011011011 00100011010111011001100000100000 0000000 100 11010011011010111110111011111011 
10000101110100011101101110100100 11011000011100101000100101011110 0000000 100 01011101101000110101001011111010 
11010110111101001100100000001000 10110101010100111001011101110001 0000000 100 01100011101001110101111101111001 
10111111000010100001101010010010 11011011101001000110100011100100 0000000 100 01100100101011100111001001110110 
11100001010100110100100010110101 10111101010110011110000111001010 0000000 100 01011100000010101010100101111111 
10111110110010100000011100000001 10100100101001001010011001011111 0000000 100 00011010011011101010000101011110 
01100010011111100111011011110101 11100011000011000000011010101101 0000000 100 10000001011100100111000001011000 
10100100001000001001010100110011 10111011010001100000110111111011 0000000 100 00011111011001101001100011001000 
10010101010001110010001101101100 01010000110101010010000011001101 0000000 100 11000101100100100000001110100001 
01001111000000110100010101110010 10001101001011100101010100101011 0000000 101 00000000000010011110000001101000 
11101000010001100111110010110100 01000001001010110000100000100111 0000000 101 00000001110100001000110011111001 
10010101101111011010101100100111 10000000111110010110000100011010 0000000 101 00000000000000000000000000100101 
10001110100110111001100000100010 01011010111010110011111001110101 0000000 101 00000000000000000000010001110100 
01111010111001000000101011001111 10110000011010000101111000101100 0000000 101 00000000000001111010111001000000 
11011101011000010001101001101111 00001001010100111101000110011000 0000000 101 00000000000000000000000011011101 
10100011000000000010110000111100 11101101111000010100011100111000 0000000 101 00000000000000000000000010100011 
00011000010110010000110000010110 00000000101101100001010011111101 0000000 101 00000000000000000000000000000000 
01101111010010010001011100000010 01100111110011111111101111000110 0000000 101 00000001101111010010010001011100 
01100100001111110000110011110001 01001011100111010001001110101011 0000000 101 00000000000011001000011111100001 
11100111110110011111111100010110 01011110000100111010001111010010 0000000 101 00000000000000000011100111110110 
01111111011000001011110010000011 10011001110110110010111011011011 0000000 101 00000000000000000000000000001111 
00010000100011110001000101001101 01111000100100100111010100011011 0000000 101 00000000000000000000000000000010 
10010101011011111011000000010011 00011001000000010110000110000010 0000000 101 00100101010110111110110000000100 
11011000001001101000101010001010 00011010110000101011000100100011 0000000 101 00011011000001001101000101010001 
10100111010110010111000010100101 10011000110110011100111011010100 0000000 101 00000000000000000000101001110101 
00100110011110111010000111011000 10111010000001000101000000100111 0000000 101 00000000010011001111011101000011 
00101000111010111010001001111000 01110111000001101000110011010111 0000000 101 00000000000000000000000001010001 
10101100100011100010100001111010 00011010111011110101100101010011 0000000 101 00000000000000000001010110010001 
01001001010000000111001100011111 11100101010110000100000011111101 0000000 101 00000000000000000000000000000010 
01110011101011101001101111001100 10101010110000001011100010011010 0000000 101 00000000000000000000000000011100 
01011111010001111101000101110010 11111000100101110101100100101001 0000000 101 00000000001011111010001111101000 
00110110111100011101010000101111 01000100011110011011000101001011 0000000 101 00000000000001101101111000111010 
11100100001100101011110110100101 10100101011001000001000011010101 0000000 101 00000000000000000000011100100001 
01001011011111010011101101111110 01011111100101111000101001101110 0000000 101 00000000000000010010110111110100 
01000011110100010110100110011101 00001100110000111100111100011011 0000000 101 00000000000000000000000000001000 
01111000101100111111001110010111 00101011011111101011000100001111 0000000 101 00000000000000001111000101100111 
10011000101111111100101010111011 01100111001001011110000011011001 0000000 101 00000000000000000000000001001100 
11111100101000001110000011011001 11010101010100011000111011110010 0000000 101 00000000000000000011111100101000 
10100110011000011111010110000100 10000100111100100011111000011001 0000000 101 00000000000000000000000001010011 
11000000111110011100000111010110 01101111011000100001001000010010 0100000 101 11111111111111111111000000111110 
00100010111001011101001000111111 10001010110110100101011001011001 0100000 101 00000000000000000000000000010001 
00111101111010001110001101010010 00001010010001011110100111010101 0100000 101 00000000000000000000000111101111 
11100011011111101001111010101101 00110111110100111010010100100101 0100000 101 11111111000110111111010011110101 
00101110110010001100010110100110 10010000111101100100011110111111 0100000 101 00000000000000000000000000000000 
01010100010011110110100011111101 00001110111101010011001110011010 0100000 101 00000000000000000000000000010101 
11010011101101010011110111010010 11010101110011010100000000011010 0100000 101 11111111111111111111111111110100 
10011100101110111000000100010111 10100000100000110100001100000110 0100000 101 11111110011100101110111000000100 
10111000100111010011110010001001 01100111111111111011001000101011 0100000 101 11111111111101110001001110100111 
01000101010100101011001001111001 00110011100001110110010001101011 0100000 101 00000000000010001010101001010110 
00011000001000001011011101011001 11001001110010011010111000111100 0100000 101 00000000000000000000000000000001 
11011111110111001000101111010101 01101011010101111001011000111010 0100000 101 11111111111111111111111111110111 
01101101000111110010001000001110 00110110101110110011010100011010 0100000 101 00000000000000000000000000011011 
01001100110100001010101011001111 11110010011100111000000101000110 0100000 101 00000001001100110100001010101011 
11011001100010000111010010110011 11110111001001010111111100000011 0100000 101 11111011001100010000111010010110 
10011100101100101100011100001010 00100110110100100011001101000110 0100000 101 11111110011100101100101100011100 
10111101100101100110011001010011 00111000101010000010111110011010 0100000 101 11111111111111111111111111101111 
11000110011100011001100110100011 10100010110101110101011001011111 0100000 101 11111111111111111111111111111111 
00101111110000111101111110110101 10101111111101110111001011110010 0100000 101 00000000000000000000101111110000 
10101100110001000111101001100101 01010000010011000001001111111001 0100000 101 11111111111111111111111111010110 
00111100011100010100101010100010 10010010111101011010001011110101 0100000 101 00000000000000000000000111100011 
01011001010100001011001111010001 10000010111111100101011111011010 0100000 101 00000000000000000000000000010110 
01001001001100010110110110111001 11001110011100101011001110101011 0100000 101 00000000000010010010011000101101 
00110010101000001110011001011000 11011101100011100001000100010100 0100000 101 00000000000000000000001100101010 
11000101101111010001100101111001 11001001111000100110000101010110 0100000 101 11111111111111111111111100010110 
10100000010000010001000110001111 01000101001100011001001010110100 0100000 101 11111111111111111111101000000100 
10001010110111000110000010111000 10001010001111000110000010110010 0100000 101 11111111111111111110001010110111 
10010110001101100100101000111100 11011100011010010000000100101111 0100000 101 11111111111111110010110001101100 
00110011000101010110011000111111 00111001011101000101011000011111 0100000 101 00000000000000000000000000000000 
00001011001011110100110101111011 00101001001011001110001000111010 0100000 101 00000000000000000000000000000010 
11110000011000011010110101011110 00101101100101000100001001011111 0000000 110 11111101111101011110111101011111 
10010000010000110011010000111101 10000010100111010000011000100001 0000000 110 10010010110111110011011000111101 
10110101111011010010001101001100 00110000011010110100100101111011 0000000 110 10110101111011110110101101111111 
10001010001100000011010101101110 10000011001001101001110001001110 0000000 110 10001011001101101011110101101110 
01110111101101101011101100100100 00011011001101001111101010110001 0000000 110 01111111101101101111101110110101 
10000110010101011000010101000111 00111111000010011111101101011000 0000000 110 10111111010111011111111101011111 
00100101101011001101111100101011 00001100101101000101111001101001 0000000 110 00101101101111001101111101101011 
00111111111011001011111010011000 00011000110101100100111001010011 0000000 110 00111111111111101111111011011011 
01100011110101111010001100001111 01101001000001010001011010101000 0000000 110 01101011110101111011011110101111 
10010000011001100111000001010101 11111101000011010111011010111011 0000000 110 11111101011011110111011011111111 
01010101100101111101001010110100 00011111001000101101100101001000 0000000 110 01011111101101111101101111111100 
10110001011110011100010100000110 10011001011011010011111101110000 0000000 110 10111001011111011111111101110110 
01000000111000101001000011001000 10011110001100101000101100000010 0000000 110 11011110111100101001101111001010 
00111010100000111110110101110011 00100110111100011010011100110110 0000000 110 00111110111100111110111101110111 
01101011010101111010110111101010 11111011101000110111111100010011 0000000 110 11111011111101111111111111111011 
10011000101010000001111010000011 00001010010101110110000000111011 0000000 110 10011010111111110111111010111011 
00001111101010110010001010100111 01101111011001011000011011010110 0000000 110 01101111111011111010011011110111 
11100001100110001011010101001011 00110101111110010101001110100101 0000000 110 11110101111110011111011111101111 
10001001101111000101100111101111 10001100101101110101010001011001 0000000 110 10001101101111110101110111111111 
00101001110101000100001000101100 00111010111001001011101101001110 0000000 110 00111011111101001111101101101110 
00100000101001001101011100111111 10010111101000110110101001001100 0000000 110 10110111101001111111111101111111 
00101110011100011111100010100010 01101000111110001110111010110101 0000000 110 01101110111110011111111010110111 
11001000100100010000000100010111 00010000110100011000010011110000 0000000 110 11011000110100011000010111110111 
11100001111111100000010010101110 10110000111110001011101100011110 0000000 110 11110001111111101011111110111110 
01110101010111111111110010001001 11001011101011110001011110100100 0000000 110 11111111111111111111111110101101 
10100101111010110001000011011011 00111000111101100001111101110000 0000000 110 10111101111111110001111111111011 
00111000100110000000100001011001 10101001110010011110010101111110 0000000 110 10111001110110011110110101111111 
11100110011001100110000000010111 01000111101101111110010110000010 0000000 110 11100111111101111110010110010111 
10101010000101000000011100011111 11011101101101011101110111111101 0000000 110 11111111101101011101111111111111 
00010011111011000001010001010110 00010010111101011000111110110111 0000000 110 00010011111111011001111111110111 
10011100101011010011101000110101 10000100010111010110111101111110 0000000 111 10000100000011010010101000110100 
01101100001110001110000000011000 11011000100111010111001101010101 0000000 111 01001000000110000110000000010000 
01001101011011111101011101100100 00001111110010011111000111000100 0000000 111 00001101010010011101000101000100 
11100101101000001101011111001100 01010110111100100001101101011110 0000000 111 01000100101000000001001101001100 
11110000110101100110110110000000 11100110011100110100010100011001 0000000 111 11100000010100100100010100000000 
11100110010001111101000001111010 10011111100010000100010100011011 0000000 111 10000110000000000100000000011010 
11100000001001100010100001110000 01010111000010101101010101101011 0000000 111 01000000000000100000000001100000 
00100000010010010100101100111001 00101010010010001111010000010000 0000000 111 00100000010010000100000000010000 
01000010000000111001011001001011 01110110011110001001001010110011 0000000 111 01000010000000001001001000000011 
10101010100101000101101000110101 01000000010010001101001111111001 0000000 111 00000000000000000101001000110001 
01110101110010110011001011010000 01001001110101101110111001111110 0000000 111 01000001110000100010001001010000 
00011011001110010010111101011011 11110011001110101101000010011001 0000000 111 00010011001110000000000000011001 
11111011110001000011111101001101 01100110101100010101111010010011 0000000 111 01100010100000000001111000000001 
11101101000010001101011101110110 01101111101101011011100111010001 0000000 111 01101101000000001001000101010000 
01010111110101011111101011101000 00000001101011101101011001001110 0000000 111 00000001100001001101001001001000 
01100110000011111010110110011110 11000010000001010010111000010010 0000000 111 01000010000001010010110000010010 
00011010100011010001111011010011 10011001111110010011000001010010 0000000 111 00011000100010010001000001010010 
00111110100010100100100001010011 11011100111011000010010110010001 0000000 111 00011100100010000000000000010001 
00000011101000011100100001000000 11010000001101111111000101001101 0000000 111 00000000001000011100000001000000 
10010110001100010110101101011101 00111110111100110100001011001010 0000000 111 00010110001100010100001001001000 
00011011001011011101110011101001 10011111111111001111100101001001 0000000 111 00011011001011001101100001001001 
10111110011111011010010111111000 01100110100100010101100100101110 0000000 111 00100110000100010000000100101000 
11000110010001100111110100010100 11111011010111000101001110010001 0000000 111 11000010010001000101000100010000 
01111111111100100011001110101101 00101000001100100100011001000001 0000000 111 00101000001100100000001000000001 
00010101000001010001110111011111 10100100101111001011010101111111 0000000 111 00000100000001000001010101011111 
10101111011111100010101110111010 00110001000101001111101110010101 0000000 111 00100001000101000010101110010000 
00001011101111011011101101000100 01110100101001100111010011001001 0000000 111 00000000101001000011000001000000 
11101010011000110010000001100100 11000110010101011010100111100010 0000000 111 11000010010000010010000001100000 
01100011011100111110100111001111 01100001011110100101110011011110 0000000 111 01100001011100100100100011001110 
10010001011010100110010000110111 01110011100111111110001101001011 0000000 111 00010001000010100110000000000011 
