0 01000000 01000000 
0 01000004 01000004 
0 01000008 01000008 
0 0100000c 0100000c 
0 01000010 01000010 
0 01000014 01000014 
0 01000018 01000018 
0 0100001c 0100001c 
0 01000020 01000020 
0 01000024 01000024 
0 01000028 01000028 
0 0100002c 0100002c 
0 01000030 01000030 
0 01000034 01000034 
0 01000038 01000038 
0 0100003c 0100003c 
0 01000040 01000040 
0 01000044 01000044 
0 01000048 01000048 
0 0100004c 0100004c 
0 01000050 01000050 
0 01000054 01000054 
0 01000058 01000058 
0 0100005c 0100005c 
0 01000060 01000060 
0 01000064 01000064 
0 01000068 01000068 
0 0100006c 0100006c 
0 01000070 01000070 
0 01000074 01000074 
0 01000000 01000000 
1 01000000 01000000 
1 01000000 01000000 
0 01000000 01000000 
1 01000000 01000000 
1 01000000 01000000 
1 01000000 01000000 
0 01000000 01000000 
0 01000004 01000004 
1 01000000 01000000 
1 01000000 01000000 
0 01000000 01000000 
0 01000004 01000004 
1 01000000 01000000 
0 01000000 01000000 
1 01000000 01000000 
0 01000000 01000000 
0 01000004 01000004 
1 01000000 01000000 
1 01000000 01000000 
1 01000000 01000000 
0 01000000 01000000 
1 01000000 01000000 
0 01000000 01000000 
1 01000000 01000000 
1 01000000 01000000 
1 01000000 01000000 
1 01000000 01000000 
0 01000000 01000000 
1 01000000 01000000 
1 01000000 01000000 
1 01000000 01000000 
1 01000000 01000000 
0 01000000 01000000 
0 01000004 01000004 
1 01000000 01000000 
0 01000000 01000000 
1 01000000 01000000 
0 01000000 01000000 
0 01000004 01000004 
1 01000000 01000000 
1 01000000 01000000 
0 01000000 01000000 
0 01000004 01000004 
1 01000000 01000000 
0 01000000 01000000 
0 01000004 01000004 
1 01000000 01000000 
1 01000000 01000000 
1 01000000 01000000 
1 01000000 01000000 
0 01000000 01000000 
0 01000004 01000004 
0 01000008 01000008 
1 01000000 01000000 
1 01000000 01000000 
0 01000000 01000000 
0 01000004 01000004 
0 01000008 01000008 
0 0100000c 0100000c 
0 01000010 01000010 
0 01000014 01000014 
0 01000018 01000018 
1 01000000 01000000 
0 01000000 01000000 
1 01000000 01000000 
1 01000000 01000000 
0 01000000 01000000 
0 01000004 01000004 
1 01000000 01000000 
1 01000000 01000000 
0 01000000 01000000 
1 01000000 01000000 
0 01000000 01000000 
1 01000000 01000000 
0 01000000 01000000 
1 01000000 01000000 
0 01000000 01000000 
0 01000004 01000004 
0 01000008 01000008 
1 01000000 01000000 
1 01000000 01000000 
0 01000000 01000000 
1 01000000 01000000 
0 01000000 01000000 
1 01000000 01000000 
0 01000000 01000000 
1 01000000 01000000 
1 01000000 01000000 
1 01000000 01000000 
0 01000000 01000000 
0 01000004 01000004 
1 01000000 01000000 
0 01000000 01000000 
0 01000004 01000004 
0 01000008 01000008 
0 0100000c 0100000c 
0 01000010 01000010 
0 01000014 01000014 
0 01000018 01000018 
