00001 00001 00001 00000000000000000000000000000001 1 0 00000000000000000000000000000000 00000000000000000000000000000000 
00010 00001 00001 00000000000000000000000000000010 1 0 00000000000000000000000000000000 00000000000000000000000000000000 
00011 00001 00001 00000000000000000000000000000011 1 0 00000000000000000000000000000000 00000000000000000000000000000000 
00100 00001 00001 00000000000000000000000000000100 1 0 00000000000000000000000000000000 00000000000000000000000000000000 
00101 00001 00001 00000000000000000000000000000101 1 0 00000000000000000000000000000000 00000000000000000000000000000000 
00110 00001 00001 00000000000000000000000000000110 1 0 00000000000000000000000000000000 00000000000000000000000000000000 
00111 00001 00001 00000000000000000000000000000111 1 0 00000000000000000000000000000000 00000000000000000000000000000000 
01000 00001 00001 00000000000000000000000000001000 1 0 00000000000000000000000000000000 00000000000000000000000000000000 
01001 00001 00001 00000000000000000000000000001001 1 0 00000000000000000000000000000000 00000000000000000000000000000000 
01010 00001 00001 00000000000000000000000000001010 1 0 00000000000000000000000000000000 00000000000000000000000000000000 
01011 00001 00001 00000000000000000000000000001011 1 0 00000000000000000000000000000000 00000000000000000000000000000000 
01100 00001 00001 00000000000000000000000000001100 1 0 00000000000000000000000000000000 00000000000000000000000000000000 
01101 00001 00001 00000000000000000000000000001101 1 0 00000000000000000000000000000000 00000000000000000000000000000000 
01110 00001 00001 00000000000000000000000000001110 1 0 00000000000000000000000000000000 00000000000000000000000000000000 
01111 00001 00001 00000000000000000000000000001111 1 0 00000000000000000000000000000000 00000000000000000000000000000000 
10000 00001 00001 00000000000000000000000000010000 1 0 00000000000000000000000000000000 00000000000000000000000000000000 
10001 00001 00001 00000000000000000000000000010001 1 0 00000000000000000000000000000000 00000000000000000000000000000000 
10010 00001 00001 00000000000000000000000000010010 1 0 00000000000000000000000000000000 00000000000000000000000000000000 
10011 00001 00001 00000000000000000000000000010011 1 0 00000000000000000000000000000000 00000000000000000000000000000000 
10100 00001 00001 00000000000000000000000000010100 1 0 00000000000000000000000000000000 00000000000000000000000000000000 
10101 00001 00001 00000000000000000000000000010101 1 0 00000000000000000000000000000000 00000000000000000000000000000000 
10110 00001 00001 00000000000000000000000000010110 1 0 00000000000000000000000000000000 00000000000000000000000000000000 
10111 00001 00001 00000000000000000000000000010111 1 0 00000000000000000000000000000000 00000000000000000000000000000000 
11000 00001 00001 00000000000000000000000000011000 1 0 00000000000000000000000000000000 00000000000000000000000000000000 
11001 00001 00001 00000000000000000000000000011001 1 0 00000000000000000000000000000000 00000000000000000000000000000000 
11010 00001 00001 00000000000000000000000000011010 1 0 00000000000000000000000000000000 00000000000000000000000000000000 
11011 00001 00001 00000000000000000000000000011011 1 0 00000000000000000000000000000000 00000000000000000000000000000000 
11100 00001 00001 00000000000000000000000000011100 1 0 00000000000000000000000000000000 00000000000000000000000000000000 
11101 00001 00001 00000000000000000000000000011101 1 0 00000000000000000000000000000000 00000000000000000000000000000000 
11110 00001 00001 00000000000000000000000000011110 1 0 00000000000000000000000000000000 00000000000000000000000000000000 
11111 00001 00001 00000000000000000000000000011111 1 0 00000000000000000000000000000000 00000000000000000000000000000000 
00000 00001 00010 00000000000000000000000000000001 0 1 00000000000000000000000000000001 00000000000000000000000000000010 
00000 00010 00100 00000000000000000000000000000010 0 1 00000000000000000000000000000010 00000000000000000000000000000100 
00000 00011 00110 00000000000000000000000000000011 0 1 00000000000000000000000000000011 00000000000000000000000000000110 
00000 00100 01000 00000000000000000000000000000100 0 1 00000000000000000000000000000100 00000000000000000000000000001000 
00000 00101 01010 00000000000000000000000000000101 0 1 00000000000000000000000000000101 00000000000000000000000000001010 
00000 00110 01100 00000000000000000000000000000110 0 1 00000000000000000000000000000110 00000000000000000000000000001100 
00000 00111 01110 00000000000000000000000000000111 0 1 00000000000000000000000000000111 00000000000000000000000000001110 
00000 01000 10000 00000000000000000000000000001000 0 1 00000000000000000000000000001000 00000000000000000000000000010000 
00000 01001 10010 00000000000000000000000000001001 0 1 00000000000000000000000000001001 00000000000000000000000000010010 
00000 01010 10100 00000000000000000000000000001010 0 1 00000000000000000000000000001010 00000000000000000000000000010100 
00000 01011 10110 00000000000000000000000000001011 0 1 00000000000000000000000000001011 00000000000000000000000000010110 
00000 01100 11000 00000000000000000000000000001100 0 1 00000000000000000000000000001100 00000000000000000000000000011000 
00000 01101 11010 00000000000000000000000000001101 0 1 00000000000000000000000000001101 00000000000000000000000000011010 
00000 01110 11100 00000000000000000000000000001110 0 1 00000000000000000000000000001110 00000000000000000000000000011100 
00000 01111 11110 00000000000000000000000000001111 0 1 00000000000000000000000000001111 00000000000000000000000000011110 
00000 00000 00000 00000000000000000000000000011111 1 1 00000000000000000000000000000000 00000000000000000000000000000000 
00000 00000 00000 00000000000000000000000000011111 1 1 00000000000000000000000000000000 00000000000000000000000000000000 
